3750 -.8419 -.7714
3751 -.8419 -.7799
3752 -1.368 -.9071
3753 -1.333 -.8901
3754 -1.368 -.8986
3755 -1.368 -.9071
3756 -1.333 -.8901
3757 -1.403 -.8986
3758 -1.333 -.8986
3759 -1.333 -.8901
3760 -1.368 -.8816
3761 -1.298 -.8986
3762 -1.298 -.9071
3763 -1.333 -.8816
3764 -1.333 -.8986
3765 -1.403 -.8901
3766 -1.333 -.8647
3767 -1.263 -.8816
3768 -1.298 -.8816
3769 -1.403 -.9071
3770 -1.333 -.9071
3771 -1.368 -.8901
3772 -1.333 -.8731
3773 -1.298 -.8816
3774 -.8769 229.9
3775 -.8769 229.9
3776 -.8068 229.9
3777 -.8769 229.9
3778 1036 229.9
3779 999.1 229.9
3780 -.8419 -.7799
3781 -.8769 -.7799
3782 -.8769 -.7629
3783 -.912 -.7629
3784 -.912 -.7799
3785 -.9471 -.7714
3786 -.8068 -.7884
3787 -.8419 -.7714
3788 -.8769 -.7714
3789 -.8419 -.7884
3790 -.912 -.7799
3791 -.0351 269.9
3792 50.06 269.9
3793 99.97 269.9
3794 149.9 269.9
3795 200.2 269.9
3796 249.9 269.9
3797 300 269.9
3798 350 269.9
3799 400.1 269.9
3800 450 269.9
3801 500.2 269.9
3802 550.1 269.9
3803 600 269.9
3804 650.2 269.9
3805 700.2 269.9
3806 750.2 269.9
3807 800.1 269.9
3808 850 269.9
3809 900.1 269.9
3810 950.1 269.9
3811 1000 269.9
3812 1050 269.9
3813 1100 269.9
3814 1149 269.9
3815 1125 245
3816 1075 245
3817 1025 245
3818 975.1 245
3819 924.9 245
3820 874.9 245
3821 824.9 245
3822 774.9 245
3823 724.9 245
3824 1149 219.9
3825 1100 220
3826 1050 219.9
3827 1000 219.9
3828 949.9 219.9
3829 900 219.9
3830 849.9 219.9
3831 799.9 220
3832 749.9 220
3833 700 220
3834 649.9 220
3835 599.7 220
3836 550 220
3837 499.8 220
3838 449.8 220
3839 399.6 220
3840 349.9 220
3841 299.7 220
3842 249.8 219.9
3843 199.6 220
3844 150 219.9
3845 99.87 220
3846 49.78 219.9
3847 -.1754 219.9
3848 724.5 195
3849 775 194.9
3850 724.9 195
3851 825.1 194.9
3852 875 194.9
3853 824.8 195
3854 925.1 194.9
3855 974.9 195
3856 924.9 195
3857 1025 195
3858 -.912 -.729
3859 -.9471 -.729
3860 -1.017 -.746
3861 -.8769 -.729
3862 -.7717 -.7206
3863 -.8068 -.7036
3864 -9 -9
3865 -9 -9
3866 -.912 -.7206
3867 -.8419 -.7121
3868 -.7717 -.7206
3869 -.912 -.7206
3870 -.7717 -.7121
3871 -.8419 -.7206
3872 -.8068 -.7121
3873 -.912 -.7206
3874 -.8068 -.7121
3875 -.8068 -.7121
3876 -.8769 -.7036
3877 -.8419 10.03
3878 1024 195.2
3879 1075 194.9
3880 1025 194.9
3881 1125 194.9
3882 1149 169.9
3883 1100 169.9
3884 1050 169.9
3885 1000 169.9
3886 949.9 169.9
3887 900 169.9
3888 849.9 169.9
3889 799.9 169.9
3890 750 169.9
3891 700 169.9
3892 650 169.9
3893 600 169.9
3894 549.9 169.9
3895 499.9 169.9
3896 449.8 169.9
3897 399.9 169.9
3898 350 169.9
3899 299.8 169.9
3900 249.8 169.9
3901 199.7 169.9
3902 149.8 169.9
3903 99.69 169.9
3904 49.88 169.9
3905 -.2105 169.9
3906 724.2 145
3907 775.1 145
3908 825.1 145
3909 875.2 144.9
3910 925.1 145
3911 975.1 144.9
3912 1025 145
3913 1075 145
3914 1125 145
3915 1149 119.8
3916 1100 120
3917 1050 120
3918 999.6 120
3919 949.9 120
3920 900 120
3921 849.9 120
3922 799.8 120
3923 750 120
3924 700 120
3925 650 120
3926 599.9 120
3927 549.8 120
3928 499.9 120
3929 449.7 120
3930 399.9 120
3931 350 120
3932 299.9 120
3933 249.8 120
3934 199.7 120
3935 149.9 120
3936 100.1 120
3937 49.85 120
3938 -.2105 120
3939 -.0351 69.83
3940 49.99 70.11
3941 100.3 70.1
3942 150.2 70.1
3943 200.4 70.11
3944 250.2 70.12
3945 300.2 69.92
3946 350.4 69.9
3947 400.2 69.91
3948 450.2 69.93
3949 500 69.9
3950 550.2 69.89
3951 600 70.1
3952 650.2 70.11
3953 700 69.89
3954 750 69.91
3955 800.1 69.94
3956 849.9 69.94
3957 899.9 69.94
3958 950 69.93
3959 1000 69.92
3960 1050 69.89
3961 1100 70.08
3962 1149 70.06
3963 1149 19.96
3964 1100 19.96
3965 1050 19.9
3966 999.9 20.13
3967 949.9 19.9
3968 900 19.91
3969 849.9 19.91
3970 799.8 19.95
3971 750 19.99
3972 700 20
3973 649.9 20.04
3974 600 20.06
3975 550.1 20.05
3976 499.8 20.01
3977 449.9 19.96
3978 399.8 19.92
3979 349.9 19.91
3980 299.7 19.94
3981 249.8 19.99
3982 199.7 19.99
3983 149.8 19.97
3984 99.66 19.95
3985 49.81 19.95
3986 -.3157 19.95
3987 -.2105 -.4917
3988 -.1754 -.4832
3989 -.1052 -.5001
3990 -.1403 -.4917
3991 -.1754 -.4662
3992 -.2105 -.4917
3993 -.2105 -.4747
3994 -.2455 -.4662
3995 -.1754 -.4917
3996 -.1754 -.4917
3997 -.1052 -.4662
3998 -.2105 -.4662
3999 -.2105 -.4578
